bps_used variant success reddening_law t0 e_t0 x0_mag e_x0_mag x1 e_x1 c e_c rchi2_data rchi2_data_model fitprob_data fitprob_data_model
c  False F99 58517.862398472585 2.1659536363172807 8.605228122163282 3.061471587556377 0.010370675155876558 -1.0 7.293644904520213e-05 5.070476764091946 None None None None
c-o  True F19 58522.15209101168 1.452970883768076 8.715450073212985 0.23091315134818824 -0.26561289030395074 1.5178672537718925 0.26447694661434396 0.18599450484382002 0.472 0.464 0.932 0.936
c-o  True F99 58522.149275412216 1.4413300695813724 9.760857887131795 0.22805498881292183 -0.2525175647155539 1.5091806997214037 0.2484434632619796 0.18375182566232198 0.445 0.445 0.945 0.946
c-o-ztfg  True F19 58520.06333570201 1.4233993642935483 8.700640938525568 0.18181192909048727 1.95028496188067 1.3071768731104967 0.16835845130156196 0.14512405837838052 0.765 0.75 0.708 0.725
c-o-ztfg  True F99 58520.076825127304 1.4136982787486814 9.746637902541629 0.18026132193060526 1.9596312519136294 1.2972268421359276 0.1536566204136853 0.14360724253615786 0.73 0.729 0.746 0.747
c-o-ztfg-ztfr  True F19 58520.20769274163 1.1236724096599142 8.639889271220708 0.1577313409120602 2.002911325316616 1.1171459902295657 0.17537933078779305 0.12286954954874255 0.614 0.6 0.9 0.91
c-o-ztfg-ztfr  True F99 58520.2199143335 1.113319196266014 8.640902853078703 0.15605158765855368 2.0107752806250154 1.1052162753375274 0.17369181395006125 0.12153184278054659 0.614 0.611 0.9 0.901
c-o-ztfr  True F19 58520.90357742467 1.2185262038062763 8.767793274104596 0.21261726230571518 1.1735968893467161 1.2879193529480173 0.27750896410220677 0.1776188775539169 0.575 0.561 0.905 0.915
c-o-ztfr  True F99 58520.90096531986 1.2071467721801659 9.813095617014847 0.21023132712823106 1.198621776215783 1.2750372076957512 0.2612856548254295 0.17549767134578506 0.54 0.538 0.928 0.929
c-ztfg  False F99 58514.72109045061 -1.0 9.099864521858866 -1.0 2.584790045637514 -1.0 0.790234180150292 -1.0 None None None None
c-ztfg-ztfr  True F19 58519.790415948424 1.7473895286324725 8.814311266217146 0.1791726166905758 2.839974489555754 1.765215680442836 0.2740725863119591 0.15157395230156187 0.842 0.814 0.498 0.516
c-ztfg-ztfr  True F99 58519.801860437336 1.7074102916058245 9.857156420837239 0.17647874649326487 2.8111219475155247 1.732071393035232 0.2576377638848192 0.14913111705721532 0.705 0.702 0.588 0.59
c-ztfr  True F99 58520.459804768834 2.0469385910004796 9.903125284871217 0.25344955285276877 2.0132495992065422 2.4957028755592163 0.3332922782388057 0.251180335575096 0.48 0.478 0.619 0.62
J 1D3 False F99 58557.380851303744 -1.0 29.802649078272253 78.53559578862442 15289701.995495189 755843346.8262454 2.91096130701591 25.674592410606795 None None None None
J-c 1D3 False F99 58522.57440498357 -1.0 4.07093092626552 -1.0 -32.843027707606545 -1.0 -0.35640127764319457 -1.0 None None None None
J-c-o 1D3 False F99 58555.289705601426 2.1596274666142126 27.625279319530236 -1.0 43213667.2852809 -1.0 1.9352375539778457 1.0703475408513452 None None None None
J-c-o 2D True F99 58516.45022947401 0.6517158451440418 8.802964811138201 0.14261996559455561 -0.12360794171241145 1.504003748891022 0.33300825358516145 0.08807000596990222 5.251 4.316 0.0 0.0
J-c-o-ztfg 1D3 True F99 58513.533465763205 0.5597889994870988 8.961725918581607 0.10665620446728383 -3.1253793337931457 0.9006921768322212 0.5829149399641973 0.05967090406234599 12.038 10.652 0.0 0.0
J-c-o-ztfg-ztfr 1D3 False F99 58544.25625641724 1.1368440889648475 23.30726843924172 -1.0 1352937.83770956 -1.0 1.6923549179307276 0.16934605666135333 None None None None
J-c-o-ztfg-ztfr 2D True F19 58517.19043677603 0.9070823576271212 8.91375218470252 0.12861261760218243 1.4323556969160807 1.1299980436103119 0.41756645261136105 0.08237394854603007 4.22 2.251 0.0 0.001
J-c-o-ztfg-ztfr 2D True F99 58517.19241056839 0.9062219452880598 8.971163678883757 0.12877105891250326 1.4332496778016317 1.129732437338189 0.43302670778536134 0.08249793110081809 4.175 2.281 0.0 0.001
J-c-o-ztfr 1D3 True F99 58515.064933029775 0.48327167359150847 8.912031650699749 0.12077129843157158 -0.04694163888098807 0.9191637928062223 0.4530796927725753 0.06557074865548611 12.08 10.065 0.0 0.0
J-c-ztfg 1D3 True F99 58509.511257839826 1.3098096470158664 9.147144977062048 0.1701603333276813 9.804555872935843 6.269444070819034 0.630960299011665 0.056370189295412376 59.563 4.322 0.0 0.002
J-c-ztfg-ztfr 1D3 True F99 58531.15310621684 0.3220418092857956 10.363730937676497 0.5834114364690669 34.85110675281712 19.997801833825385 0.8477160683466792 0.12874333660104956 29.047 4.877 0.0 0.0
J-c-ztfr 1D3 True F99 58531.15311031164 0.32204252869597216 10.363740045169799 0.5834079536963593 34.85145955133105 19.99782946804736 0.8477170111215742 0.1287425820617334 29.047 4.877 0.0 0.0
J-o 1D3 True F99 58513.45770785677 0.6669986106425925 9.309833358969964 0.22023729758517457 -3.2543876754002983 1.002143771254913 0.7394071195458556 0.09931030117070552 14.595 12.046 0.0 0.0
J-o-ztfg 1D3 True F99 58513.53391844635 0.5953389207970351 9.061075594429198 0.1323545584113576 -3.009145937378255 0.9389116358010802 0.6253115419504907 0.06657570396311882 12.657 11.16 0.0 0.0
J-o-ztfg-ztfr 1D3 True F99 58514.846156559885 0.509127743295553 8.977953559080472 0.11351972944395397 0.15475689242558904 0.927384621474453 0.4835307454071943 0.060699566321771495 11.382 9.613 0.0 0.0
J-o-ztfr 1D3 False F99 58554.25981308792 1.0859840860850858 27.008328963117776 58.29466027573218 24260772.37653088 1302619528.7076063 1.8813614602220483 0.1640233252304148 None None None None
J-o-ztfr 2D True F99 58516.929576275295 0.7836006865833258 8.745316813896508 0.2069491179015514 1.3121903572045905 1.286432100952606 0.27013076490795185 0.11763245766217166 4.719 3.741 0.0 0.0
J-ztfg 1D3 True F99 58509.18952747101 0.7771054558736454 16.541947073297013 558.0728041758845 1322267.89202877 679524273.0167611 -0.627008793880502 0.5659039686433252 -1 -1 -1 -1
J-ztfg-ztfr 1D3 False F99 58556.15624761938 2.0845230058178768 26.306819068214573 80.98165833711461 11230202.311524253 837599212.7395849 2.044986086444646 0.620300718601311 None None None None
J-ztfg-ztfr 2D True F99 58513.48902166665 0.9931332599361655 9.153510115820072 0.1445927546064299 4.4688129268114105 1.8514010226570752 0.5255255233720411 0.07669180439504715 8.462 5.223 0.0 0.0
J-ztfr 1D3 True F99 58532.4029213177 0.2658412923794256 10.478410093855306 0.5193358037535195 17.530436301337325 12.552363679224563 1.101631590509462 0.1264717792170995 36.758 5.91 0.0 0.0
o  True F99 58522.375855394705 1.6484155756597372 -8.785521665773901 13.350968055547634 2.575030192201471 1.723806496817468 -16.512825679930362 14.38569188079166 0.18 0.179 0.999 0.999
o-ztfg  True F99 58521.12011567758 1.5876569095457238 9.430432084445709 0.37424936013465204 1.0273034078851158 1.4141890828501094 -0.031467702574140916 0.24126414258891962 0.725 0.723 0.741 0.742
o-ztfg-ztfr  True F19 58520.61012845213 1.1831535141867633 8.525825878199248 0.2461018887587407 1.5308554210279093 1.191214116514773 0.08627955134690105 0.16947227140189072 0.67 0.655 0.836 0.849
o-ztfg-ztfr  True F99 58520.61275579526 1.17119672638529 9.574286903017905 0.2426416316794265 1.5465930148777627 1.1789237506242274 0.07268372181999766 0.16732253707190445 0.636 0.634 0.866 0.868
o-ztfr  True F99 58520.985396889715 1.250077963906365 8.44503791548364 1.755435160283829 1.5491918342303013 1.4528434075443724 -0.7946488878539316 1.406182515274222 0.502 0.5 0.941 0.942
ztfg  False F99 58512.96301933109 -1.0 8.95737269309279 0.2779499506758377 -0.00679470623156863 -1.0 0.007138513502836911 3.591519616841266 None None None None
ztfg-ztfr  True F19 58519.92180929059 1.7764335092424024 8.763096955899456 0.28798354905501355 2.606260008911346 2.0205623881552746 0.24669254618006975 0.19411846502068963 1.054 1.024 0.367 0.381
ztfg-ztfr  True F99 58519.933052042135 1.7326617868768623 9.804017500465237 0.281496888525839 2.570859001916185 1.9748062521384184 0.22904643230629912 0.1909156200729058 0.921 0.917 0.43 0.431
ztfr  True F99 58520.53237108677 2.0451516365696385 8.705163473286326 10.6359537296441 2.161590452197949 2.59350108194123 -0.6292804011722752 8.685471756073664 0.951 0.948 0.329 0.33