bps_used variant success reddening_law t0 e_t0 x0_mag e_x0_mag x1 e_x1 c e_c rchi2_data rchi2_data_model fitprob_data fitprob_data_model
c  True F99 58872.06426183924 1.9367382780329294 6.909692655604426 2.1253095570873186 -1.819067661475061 2.9506513110673445 -0.11096635695932922 3.450097612835356 -1 -1 -1 -1
c-o  True F19 58872.30433410918 0.3890729408563099 7.104177204379074 0.06817709927897418 -3.3788880106995425 0.512593305125659 0.11880278419882398 0.05969129037561567 7.528 4.148 0.0 0.0
c-o  True F99 58872.38510211425 0.28054448107366425 6.9948879805556 0.059603222700065205 -3.600162867455485 0.41469762261786486 0.09020003113444983 0.05122132326792622 5.47 5.224 0.0 0.0
c-o-ztfg  True F19 58873.04109453723 0.22847912532846262 7.022887385911305 0.0409646693956494 -2.1542645647831584 0.312220462595956 0.025553545903120048 0.04122543003981198 6.125 4.062 0.0 0.0
c-o-ztfg  True F99 58872.931633379645 0.19950875349544803 6.917707764665526 0.0378740794720243 -2.3605128424062594 0.27801358544995736 -0.0014909086886719146 0.037251749101538036 4.586 4.389 0.0 0.0
c-o-ztfg-ztfr  True F19 58873.01523386242 0.1970214349104239 6.9209024990308965 0.039252360000603746 -2.272836873015214 0.26521515924790723 0.011063650516851202 0.0355439422152151 3.148 2.104 0.0 0.001
c-o-ztfg-ztfr  True F99 58872.93009349253 0.1620795576274909 6.916645715075063 0.03613548831067997 -2.43977376989224 0.22733572328100982 0.006538322746200145 0.03229733052626145 3.125 2.986 0.0 0.0
c-o-ztfr  True F19 58872.63597178775 0.2666995301240727 7.110088330232543 0.06617544060916282 -2.9686823497761665 0.3620301405231285 0.12155903821601267 0.054291671291534185 4.342 2.493 0.0 0.0
c-o-ztfr  True F99 58872.64356118093 0.18724792052437844 6.99929908662736 0.05837782135307411 -3.092201025593754 0.2794524675443793 0.08776249452023117 0.04760901946361731 3.164 3.039 0.0 0.0
c-ztfg  True F99 58873.468109194226 0.25113502123083176 6.868919966689873 0.06448359819818769 -1.5699581438321424 0.3338424539838994 -0.1744314823403036 0.12344119230341799 0.972 0.951 0.456 0.472
c-ztfg-ztfr  True F19 58873.263004068176 0.2294087388644692 7.031339071362601 0.04223666050115349 -1.8771795639681197 0.2940833302481652 0.026189384061635776 0.04506734237374566 2.568 1.87 0.0 0.014
c-ztfg-ztfr  True F99 58873.22426971808 0.20034296211693692 6.93037439091875 0.039112270133134966 -1.9308121239677005 0.2628233620669533 -0.0030883568304335036 0.04168829344666254 1.212 1.138 0.24 0.306
c-ztfr  True F99 58872.87878905014 0.26192013488225574 7.024318648747334 0.06695214269949797 -2.562102560444428 0.3594229541095009 0.09851071786580606 0.06399259488899173 0.874 0.846 0.557 0.584
J 1D3 False F99 58874.66648113286 -1.0 5.0609047709934245 -1.0 -38.9143468161722 -1.0 -0.28514949912389476 -1.0 None None None None
J-c 1D3 True F99 58871.53771756371 0.782225766261177 7.039659024727464 0.06083073015687293 -1.7279499209855507 1.0237531091513095 0.08428747001071775 0.050231028978912226 17.126 16.455 0.0 0.0
J-c-o 1D3 True F99 58872.35419258887 0.2888723081999951 6.960818289565557 0.04599995944687377 -3.5767702307344194 0.41781072869339003 0.05449930528378617 0.03271295881148399 8.934 7.828 0.0 0.0
J-c-o-ztfg 1D3 True F99 58872.9148495714 0.19905902515708693 6.916770227711661 0.033088925140602576 -2.3926658420817843 0.2757671149989268 -0.0013265266078007938 0.02643267430480107 6.442 6.152 0.0 0.0
J-c-o-ztfg-ztfr 1D3 True F19 58873.02047495304 0.1973674873821018 6.927484646159057 0.03658516531716593 -2.273421462592271 0.26519041771039875 0.019299750706747443 0.030511761713382254 4.879 2.149 0.0 0.0
J-c-o-ztfg-ztfr 1D3 True F99 58873.02019858989 0.19737983150661031 7.028968293047479 0.036639104376230816 -2.2739353851895334 0.26521498800578047 0.044767518377484064 0.030553482368155974 5.537 2.736 0.0 0.0
J-c-o-ztfg-ztfr 1D3 True O94 58873.01992692997 0.19729905992909533 7.028960580488645 0.03662848332221618 -2.2744541846864665 0.26512978881809296 0.044774584328637984 0.030538798522737266 5.606 2.79 0.0 0.0
J-c-o-ztfr 1D3 True F99 58872.61536202276 0.18725560723897305 6.953576548647961 0.04340775191234104 -3.0636438021389965 0.27880343486469467 0.04467888840835904 0.030866655999638264 5.545 4.823 0.0 0.0
J-c-ztfg 1D3 True F99 58873.42129979156 0.2654956559688362 6.939279255632162 0.03558660984859945 -1.5629931552288703 0.3354878164811032 -0.02209600486790745 0.031141010655128528 5.662 5.421 0.0 0.0
J-c-ztfg-ztfr 1D3 True F99 58873.20504835241 0.20195503457964345 6.925658955325756 0.03288407795352159 -1.963087012025392 0.26084383640194 -0.008244765804225762 0.026918241415176913 3.5 3.33 0.0 0.0
J-c-ztfr 1D3 True F99 58872.81030491994 0.2627019288020131 6.966296529823074 0.04490144282802512 -2.5078011830111695 0.35356017348107 0.033952170928222045 0.033153749187697555 5.106 4.46 0.0 0.0
J-o 1D3 True F99 58872.47576097223 0.28211686380903167 6.814916081338882 0.10335878154405916 -4.151553777722236 0.46448846508903086 -0.013752349033371773 0.05690867482916622 11.468 10.57 0.0 0.0
J-o-ztfg 1D3 True F99 58872.957189303255 0.19544512890473578 6.860478549032055 0.04094752779671793 -2.5458607172232632 0.2876612887410062 -0.023350075811522777 0.027610577865767635 7.508 7.226 0.0 0.0
J-o-ztfg-ztfr 1D3 True F99 58872.952641553056 0.15954869921394152 6.857644490734901 0.03875820131784566 -2.5745542958057728 0.23189294737597832 -0.023419644076076378 0.026501158910151472 4.837 4.653 0.0 0.0
J-o-ztfr 1D3 True F99 58872.66786094238 0.18797747471488588 6.823599486901893 0.08277486681852522 -3.2474816398953754 0.28949728993097024 -0.025320138352711526 0.05010841025599888 5.838 5.527 0.0 0.0
J-ztfg 1D3 True F99 58873.53255396901 0.2718917199387506 6.906187623787153 0.0466758027154342 -1.5818317194201947 0.37775117954724446 -0.030036628358094227 0.030827897303649838 7.924 7.689 0.0 0.0
J-ztfg-ztfr 1D3 True F99 58873.261353916634 0.19997473117063883 6.880732208179628 0.04062543273264519 -2.0546811089825145 0.2752695039627644 -0.02512919542158127 0.027835037945940635 3.889 3.737 0.0 0.0
J-ztfr 1D3 True F99 58872.92581327376 0.2745562048168071 6.847715392853738 0.0921121117627032 -2.6900388841835143 0.3849538980516206 -0.02423188417458301 0.05198333828639846 6.246 5.923 0.0 0.0
o  True F99 58870.3562823642 0.6499117152225057 -4.527281523087319 2.796227106380951 -3.9172337488413294 0.4908310781506392 -9.337393767750317 2.5880859319314546 4.609 4.19 0.0 0.001
o-ztfg  True F99 58872.9718022429 0.1960269342241474 6.8597401420938 0.045158419833045214 -2.511683506480586 0.29040208567074705 -0.02643502113501194 0.03788034566103592 5.343 5.184 0.0 0.0
o-ztfg-ztfr  True F19 58873.06144345892 0.1969693417384125 6.968794820131349 0.04632583301107848 -2.367260290089452 0.27670771633267377 0.008057148807749763 0.037304202182251445 4.231 2.715 0.0 0.0
o-ztfg-ztfr  True F99 58872.961590756764 0.16001033345501103 6.857099304666389 0.043486922648847 -2.552380507012855 0.23339193189744314 -0.02511052261969493 0.03431868847786256 3.266 3.166 0.0 0.0
o-ztfr  True F99 58872.63041579099 0.1913684008362116 5.8995394872851765 0.6066285845175982 -3.1874669749379096 0.29110717702399264 -0.6818159934478552 0.43777125684559964 3.506 3.294 0.0 0.0
ztfg  True F99 58874.38014146817 0.9043221978790008 6.944484045380386 1.0063460507247193 -0.476569979878277 1.0969106194177929 -2.8434537664734605 3.5652473933117745 0.807 0.798 0.521 0.526
ztfg-ztfr  True F19 58873.32818083257 0.2299033889824629 6.990192538631963 0.048640688729227416 -1.9509307722559335 0.3133591684219602 0.011067859747742164 0.04509691382368541 2.131 1.542 0.008 0.087
ztfg-ztfr  True F99 58873.27865804774 0.1988802062347114 6.886233176662823 0.045938277399546236 -2.017732781230759 0.27761937227608097 -0.020029527904455603 0.04181324883413849 1.025 1.002 0.424 0.447
ztfr  True F99 58872.67905974343 0.361888766068019 1.2310214350766122 3.843312135630628 -2.5681835381105396 0.4085186578152354 -4.446032441306659 3.2294609894158666 0.662 0.638 0.68 0.7